0 METOP-B
1 38771U 12049A   24050.26238594  .00000000  00000+0  13554-3 0 00016
2 38771  98.6441 110.0688 0001240  78.0335 147.9253 14.21473336592659
0 METOP-C
1 43689U 18087A   24050.29985611  .00000000  00000+0  93239-4 0 00019
2 43689  98.6960 111.1437 0003242  76.4938 152.8786 14.21485938274236
0 NOAA-20
1 43013U 17073A   24050.23673188  .00000000  00000+0  92249-4 0 00011
2 43013  98.7389 350.0210 0001596 113.6498 224.3047 14.19548730324026
0 NOAA-21
1 54234U 22150A   24050.23880806  .00000000  00000+0  12955-3 0 00012
2 54234  98.7415 349.5941 0001574 101.0691 164.3209 14.19518623 66102
0 Suomi-NPP	
1 37849U 11061A   24050.22979277  .00000000  00000+0  10097-3 0 00019
2 37849  98.7310 350.0299 0000685 107.0511  14.7652 14.19559710637994
0 Sentinel-3A
1 41335U 16011A   23340.00000000  .00000000  00000+0 -29477-1 0 00011
2 41335  98.6329  44.5594 0000871  93.5587  36.1222 14.26744309406285
0 Sentinel-3B
1 43437U 18039A   23340.00000000  .00000000  00000+0 -28372-1 0 00011
2 43437  98.6239  44.6595 0001480 102.7932 165.4965 14.26756500292342
0 Sentinel-6MF
1 46984U 20086A   24050.00000000  .00000000  00000+0  00000+0 0 00010
2 46984  66.0406  98.8244 0007815 270.3428  45.0430 12.80917831151695
0 Sentinel-1A
1 39634U 14016A   24050.17915359  .00000599  00000-0  13668-3 0  9998
2 39634  98.1824  58.9811 0001316  90.9383 269.1967 14.59199473526234
0 Sentinel-1B
1 41456U 16025A   24050.14253115  .00005035  00000-0  55451-3 0  9993
2 41456  98.1761  66.9340 0027827  54.9960 305.3861 14.87743749416912
0 Sentinel-2A
1 40697U 15028A   24050.15154519  .00000273  00000-0  12084-3 0  9994
2 40697  98.5688 126.1139 0001100 104.4112 255.7193 14.30817857452322
0 Sentinel-2B
1 42063U 17013A   24050.18654271  .00000268  00000-0  11898-3 0  9998
2 42063  98.5663 126.1525 0001144  96.1403 263.9910 14.30819852363248
